0 0.565625 0.518056 0.0515625 0.183333
0 0.512109 0.229861 0.00703125 0.0347222
0 0.644922 0.577778 0.0523437 0.197222
0 0.687891 0.235417 0.00546875 0.0180556
0 0.609375 0.484028 0.025 0.0708333
0 0.582422 0.490278 0.0304688 0.0916667
0 0.496875 0.229861 0.0078125 0.0319444
0 0.599609 0.600694 0.0554687 0.2625
0 0.582031 0.626389 0.0734375 0.241667
0 0.550781 0.516667 0.0265625 0.186111
0 0.257422 0.264583 0.0132813 0.0625
0 0.478516 0.365278 0.0226563 0.113889
0 0.508203 0.358333 0.0304688 0.108333
0 0.655078 0.626389 0.0710938 0.252778
0 0.248828 0.456944 0.0382813 0.152778
